0 0 6 14 8 46 10 20 6
0 76 13
0 78 2 37 7
0 118 1 72 1
0 129 4 18 1 21 1
0 131 6 15 7 64 1 44 11 43 1
0 154 8
0 172 3 45 1
0 207 7 9 4 3 2 52 4
0 213 3 6 10
0 216 2 136 7 16 6 79 11
0 274 1 16 2
0 302 6 23 17
0 388 4 28 2 10 4 14 5 7 1 13 1 31 4 6 3 63 17 26 7 11 3 4 5 30 3 79 11
0 407 10 42 1 9 10 41 2 66 2 62 6
0 426 4
0 446 4 15 1 4 6 66 2
0 460 4
0 461 1 51 18 47 6
0 471 5 47 6 31 1
0 475 1 170 8
0 482 3 39 8 60 10 23 4 108 9 62 6 5 20 12 1 20 1 3 2 79 32 43 1 59 6 12 1 70 9
0 489 5 52 11 17 2 5 6 10 6 18 6 59 5 8 8 12 2 12 10 3 1 54 7 33 2 4 4
0 495 2 42 4 130 6
0 510 6 2 2 6 9
0 523 4 5 1
0 552 1 124 1 7 2 85 6
0 553 12 19 3
0 554 21
0 555 3 100 3 5 2 49 3
