0 0 7 49 3 2 4
0 1 4 4 5 3 1 15 6 9 4 127 1
0 11 4 19 6 70 6 37 1 61 12
0 33 19 1 5
0 42 2 56 5 27 3 64 2
0 57 6 34 4
0 87 10
0 99 5 77 16 21 8 50 4
0 109 5
0 169 2 30 6 38 1
0 187 3 28 13
0 203 10
0 207 2 101 2
0 238 2 3 20
0 245 1 1 10 85 6
0 260 4 50 5
0 265 9 71 7 45 1 61 11
0 278 2 45 13 32 4 11 3 91 16
0 301 2
0 310 2 71 6 15 6 3 2
0 372 11 49 2
0 390 10 32 4
0 392 1 12 2
0 499 4 30 28 4 1 14 12
0 513 2 75 4
0 527 4 29 6 61 2 26 5 14 3 52 1
0 534 2 24 1 44 22 95 7
0 550 1 23 1 54 13 25 8 27 3 16 1
0 567 1
0 583 3 14 7 7 15
