0 0 9
0 24 7 9 3
0 28 2 33 14 3 5 1 20
0 63 4 2 1 1 4
0 82 1
0 127 6 128 12 10 5 33 4 79 1 36 5 10 10 20 9
0 134 1 131 7 2 4 21 8 48 3 11 4
0 149 2 60 1
0 176 3 33 9
0 178 8 14 3
0 210 1 22 11 29 6 45 8 56 9
0 224 1 42 11 24 5 50 7
0 241 8 11 5 41 2 4 4
0 249 8 31 3
0 259 3 2 8 45 1 107 6
0 276 4 1 2 14 2
0 287 7 61 5 81 8
0 311 1 84 5 33 2 32 2 73 3 4 1 31 1 12 2 68 21
0 338 2 18 18
0 361 9 86 6 1 2
0 382 4 40 6
0 394 1
0 405 9
0 422 1 21 6 92 5
0 479 1 16 20 19 1 38 2 57 7 108 2 52 4 27 2
0 482 3 63 5 35 4
0 494 4
0 503 9 35 19
0 527 1 21 1
0 535 2 36 12
