0 0 10 42 19 64 5
0 6 8 58 3
0 33 1
0 46 11 136 3 21 3 6 2
0 60 2 22 2 9 14 64 2 71 5 47 2
0 82 2 38 2
0 96 6 57 1 76 10 4 12
0 97 1 106 4 8 1 8 9 65 4 73 1 146 9 15 1
0 134 1 39 2
0 135 8
0 139 8 5 1 152 2
0 169 3 117 5
0 209 10 69 6 4 12 1 6
0 228 3 17 16 18 4 61 7 1 3 3 4
0 236 11 28 7 45 12 5 9 27 5 2 2
0 249 3 32 1 12 2
0 310 10
0 329 12
0 330 3 20 9 41 2 71 1 29 9 32 1 14 5
0 359 8
0 369 7
0 377 8
0 438 7
0 449 4 23 9 38 6 1 2
0 461 10 14 3 76 3
0 497 6 2 2 7 8
0 528 18 33 10
0 583 1 52 10 3 2 60 4
0 597 7 12 6
0 617 2 4 36 83 6 42 7
