0 0 15 34 15
0 20 3 6 4 4 2 49 1 49 1
0 35 3
0 36 6 13 3
0 41 14 114 6 9 2 2 6
0 49 12 10 1 21 1 15 12 6 5 9 4 41 6 26 1 209 1
0 63 5 16 9 21 4 14 6 141 3 25 8
0 84 5 43 8
0 86 7 14 3 31 2
0 88 5
0 100 1
0 114 3 5 12 66 5 10 4
0 119 5 47 10
0 123 1
0 144 7 87 4
0 161 5 5 1 15 3 35 3 13 13 7 8 23 16
0 191 6 18 4 96 2 13 14 75 22 58 3
0 205 9 60 2
0 210 14 28 3 116 2
0 227 1 1 9
0 252 7
0 321 10 4 3 92 4 3 1 50 3 120 4
0 326 2
0 339 8 28 4 11 7
0 437 5 72 1 105 3
0 451 1 33 10 4 2 66 1
0 455 10 16 2 15 6 14 5 18 3 27 1
0 492 3 21 3 21 3 7 3 6 2 60 2 31 21 51 9
0 501 20 53 7 26 4 10 7 18 19 66 5 20 11 155 14
0 534 1 52 6
