0 0 11 3 12
0 9 2 3 5 3 29
0 50 5
0 106 12
0 119 43 3 16 6 5
0 123 5 7 13 1 1 4 67 2 2
0 170 1 4 23
0 289 9
0 374 56
0 423 59
0 485 28 9 3 2 22
0 608 29
0 617 2 6 46
0 621 2 8 25
0 703 29
0 735 1 3 145
0 770 4 2 7 2 3
0 783 18
0 790 2 1 7
0 892 8 5 4
0 967 22 3 15 10 23
0 986 11 2 74
0 999 11 9 23
0 1003 8 1 13 1 2 2 38 4 1
0 1021 9 2 4 2 9
0 1030 3
0 1144 7 5 18
0 1159 4
0 1164 21
0 1179 5 2 8 20 9 4 13 5 45
0 1189 17 1 24
0 1244 13
0 1342 36 17 45 7 31
0 1362 7 4 35 3 16 1 3
0 1376 33
0 1382 9
0 1407 24 5 44
0 1516 6 4 3 8 21
0 1536 2 3 28
0 1629 1 4 5 1 17
0 1653 2
0 1686 5
0 1779 18 5 9
0 1811 4
0 2275 11
0 2289 22 17 19
0 2307 6 10 8
0 2324 22 1 16
0 2354 10 1 6
0 2355 29 14 3
