0 0 33 1 75 1 15 1 15
0 20 22 4 17 6 9 4 17
0 29 3 17 2
0 32 8 4 2
0 121 2 2 24
0 205 9 6 4
0 210 13
0 222 60
0 237 18
0 273 8 2 42 4 19
0 321 44
0 327 13
0 328 26 10 9
0 363 60
0 464 3 3 13
0 496 4 4 4 4 51
0 504 4
0 572 23 5 11
0 599 56 5 2 11 3
0 605 7 2 10 7 20 2 23 1 4 5 34
0 666 3
0 747 10
0 806 8 3 22
0 854 1
0 877 16
0 909 4 3 8
0 995 4
0 1013 26 5 47
0 1062 20
0 1098 24 3 26
0 1192 2
0 1252 18 3 2 1 13
0 1278 1
0 1299 5
0 1330 26 2 2
0 1443 19 3 3
0 1480 34 1 8
0 1535 3
0 1641 11 14 2
0 1724 13 4 3
0 1731 16 7 10
0 1738 3 1 25 8 8 2 40
0 1757 3 13 7
0 1804 22 1 10
0 1894 2 2 30 3 39
0 1912 2 3 23 2 25
0 1924 26 18 37 4 5 7 38
0 2031 2 11 19 1 8
0 2043 18 20 11 5 9 7 28
0 2052 30
