0 0 11 4 28 3 13 4 2
0 13 8
0 169 21 18 16 3 65
0 252 9 21 21
0 285 2 5 23
0 309 53 10 4 1 6
0 393 20
0 469 29 2 5
0 470 9
0 499 2 2 8
0 543 20 6 5
0 640 58 7 3 3 28 1 1
0 654 13 8 6
0 669 22 10 12
0 789 1
0 1029 24 14 52
0 1060 12 13 5
0 1089 1 4 4
0 1238 7 9 13 1 29 2 55
0 1243 21
0 1269 3 5 14 10 17
0 1292 2 30 3
0 1325 9 3 7
0 1369 21
0 1392 9
0 1406 6
0 1518 6
0 1654 55 1 34
0 1673 17
0 1686 25 5 13 2 11
0 1722 24 2 9
0 1737 15 5 3
0 1769 23
0 1816 7
0 1854 2 2 37
0 1962 12
0 1998 6 10 4 9 4 6 6 2 10 3 2
0 2012 22 5 26
0 2023 28 4 42
0 2060 5
0 2072 47 10 1
0 2117 30 20 9 2 6
0 2221 30
0 2233 6 1 7
0 2242 14 6 13 10 20
0 2247 12
0 2281 5
0 2349 4
0 2362 2 10 15
0 2389 9
