0 0 48 7 1
0 41 14 3 1
0 89 10 13 31
0 131 16 17 28 9 46
0 257 9 6 19 3 7
0 276 4 2 3
0 318 1 1 46
0 412 19 13 31
0 476 3 2 2
0 484 3 5 9
0 525 11 3 4
0 529 16 6 1
0 533 10
0 562 10 23 5
0 590 4
0 870 11 1 9 8 9
0 928 5
0 1011 5
0 1012 9
0 1071 33
0 1096 4 2 2
0 1146 4 11 29
0 1157 8 5 9 3 2 9 6
0 1168 14 1 3
0 1206 23 1 7
0 1230 16 13 51 2 18
0 1363 9 9 6
0 1379 2 1 26
0 1583 8
0 1719 1 1 26
0 1776 3 20 7
0 1883 5 6 2 4 13 16 7
0 1884 9
0 1890 19 13 18
0 1908 3
0 1973 6
0 2006 12 3 18 12 18
0 2018 17
0 2048 26
0 2085 22 1 3
0 2096 16
0 2112 8
0 2132 26 5 11
0 2214 2
0 2229 4 13 12
0 2266 1 5 1 16 7
0 2277 1 11 22
0 2514 5
0 2528 1
0 2591 1 1 6
