0 0 36
0 70 4
0 98 11 18 5
0 99 6 7 3
0 169 5 5 23
0 201 3
0 327 2 4 8
0 387 13
0 404 30 2 32
0 465 8 2 22 2 26 1 14 5 9
0 466 6
0 469 33 3 2 10 3 8 17
0 524 4
0 578 1 4 11
0 631 11 2 11
0 684 14 3 24
0 692 17
0 758 2
0 799 5 22 1 8 49 1 20
0 905 1 11 6
0 922 1 3 27 5 46
0 931 3 2 3
0 970 4
0 986 1 6 11
0 1001 22 6 8 2 14
0 1037 9 3 21 3 11
0 1070 19
0 1080 2 3 4 20 11
0 1092 3 1 19
0 1167 6 2 16
0 1168 12
0 1254 2 2 37 2 6 1 58 2 3 4 10 4 11
0 1366 8
0 1448 40 4 3 4 4
0 1452 10 3 12
0 1558 21 13 4 1 7 4 5
0 1565 8 10 16
0 1613 9 2 12
0 1630 31
0 1714 6 3 2 5 6 33 32
0 1744 13
0 1745 13 1 2
0 1771 14
0 1911 5 4 25 18 22 4 5
0 1963 31
0 1968 10
0 2035 61 15 1 1 1
0 2053 7 7 4
0 2059 30 6 8
0 2061 11
